预测结果
26.437913544788554
22.303927922077932
34.082314285714276
29.941170634920642
26.64845476190477
28.128626243201243
12.869599761349765
28.58152817460318
19.457290351753507
31.064361327561336
14.10412384184443
20.016685955831612
15.811139898989898
27.343762606837615
19.0003079004329
29.280619841269857
19.91819731657231
33.20521666666666
28.588281349206344
31.31688333333333
20.91015009018759
38.365882539682545
33.64175833333332
16.50353174603175
30.92637243867244
24.223145887445888
20.085537301587298
18.501015384615382
27.9039303030303
23.717845779220774
14.70692934842935
19.915697165905982
20.035814502164502
31.188671031746043
13.545071950710105
34.20221388888888
13.457933705183708
27.531378227328233
14.549366064491066
11.679538961038963
14.990297424797426
28.92136657509158
34.4388011904762
26.321500793650802
14.543367618492619
12.01881332556333
18.008952987402168
35.673616666666675
23.38373863636364
30.827158241758244
13.955120471633627
23.420491705516707
23.632980158730152
34.493315476190475
28.238209722222233
16.32108081607935
18.38911704556623
19.018788434226586
23.981262698412706
24.30884091186591
11.994027611277613
19.554041147741138
25.221567701863354
21.837777777777777
26.336421547896556
26.58776125541125
24.88593286435787
30.93590824175824
19.400152473588502
13.702626084484827
23.87907196969697
13.254455380189128
22.30714325396826
27.057030952380956
23.6771452908203
26.653199655899662
13.837514943389944
16.73402821622822
27.036241269841277
