预测结果
25.841561532421835
26.03674454125672
34.506018371746805
24.89553186898922
28.425987074049107
30.561382369465484
8.58694261729845
30.721856199164662
20.556785743266126
28.646823455546343
12.612149020562098
25.264346501512993
16.773696216235948
29.68019379069264
21.822996831658735
29.248340354750965
20.395026255494376
33.38385417298575
26.67772934422434
29.951494979913367
18.9382030905472
34.509051626597056
35.48745147625489
14.894058228551247
28.45593435273225
25.630546305343234
21.025780328302893
16.17903857608019
28.69605142459309
24.09256378359306
13.390258381668277
23.44947094009198
20.799447622396706
31.89302230982804
12.280400989807339
36.22266954978727
10.863664704240284
24.365420675205538
11.440898575871845
7.136725882457629
12.857318103766788
27.5611805493242
34.72959155881548
26.385894259109303
11.989754206695032
9.797805399323934
17.608525202139305
31.37733686515982
24.35162554018018
30.20405731581059
11.901512574600577
26.51654158963125
23.12231153920845
35.13560229812443
28.260037174240495
17.783886379326617
20.273919001037427
22.7056067487159
22.71178335843448
25.99895525802034
8.484827561876761
22.696868925286054
25.762299674204453
23.347947041511038
29.958149810870403
28.72694968120716
25.734737031099087
29.428724739344254
21.738435309755705
10.072361841038406
22.754174011158202
13.265923315462055
26.78365807511333
27.956817443946225
24.16456203741591
24.063693265055928
14.015524997778256
14.858752523297262
25.75943981260277
